 temp count
13.12   173
13.12    75
13.12    89
13.94    95
14.76   110
14.76    87
13.94   111
13.94   167
13.94   281
13.94   241
13.94   136
13.12    77
13.12    93
13.94    87
14.76   154
16.40   198
13.12   184
13.94   137
13.12   190
13.94   136
15.58   196
15.58   184
15.58   179
14.76   148
13.94    85
13.12    77
14.76   142
16.40   215
17.22   243
18.04   313
18.04   367
18.86   349
18.86   292
18.86   303
18.86   274
18.86   172
17.22   144
17.22    79
17.22    45
20.50   158
22.14    90
24.60   124
26.24   157
27.88   139
30.34   123
31.16   143
31.16   189
30.34   366
29.52   386
28.70   278
28.70   173
28.70    95
14.76    46
13.94    28
13.12    19
13.94    38
14.76    56
14.76    76
16.40    68
15.58   130
17.22   273
15.58   267
14.76   160
13.94    91
13.94    89
14.76   165
16.40    69
17.22    93
18.04   134
18.86   112
20.50   115
21.32   117
22.14   169
21.32   356
21.32   325
20.50   232
18.86   141
18.86   102
16.40   170
17.22    95
18.86   122
18.86   153
21.32   135
22.96   157
24.60   160
24.60   213
21.32   343
19.68   333
18.86   226
18.04   203
18.04   108
14.76   185
14.76    73
16.40    98
15.58    80
14.76    42
13.94    15
13.94    25
13.12    60
13.12   148
13.12    62
12.30    53
12.30    63
12.30    54
13.94    98
13.94   133
14.76   142
14.76   202
14.76   222
14.76   212
14.76   201
15.58   191
15.58   257
15.58   177
15.58   130
15.58    93
14.76    75
15.58    81
16.40   150
16.40   202
17.22   230
18.86   263
20.50   281
20.50   297
21.32   288
21.32   236
20.50   240
20.50   131
18.86    92
18.04    95
22.96   165
22.96    96
24.60   104
24.60   134
26.24   139
29.52   145
30.34   141
30.34   235
30.34   452
29.52   383
29.52   284
27.88   166
27.06   158
18.86    54
20.50    40
21.32    49
22.96    92
22.14   106
20.50    44
19.68    78
19.68    99
18.04   291
18.04   224
17.22   130
17.22   103
17.22    84
15.58    65
16.40    46
17.22    61
17.22    95
18.04    61
17.22   106
18.04    81
18.86   142
18.86   309
18.04   321
18.04   175
18.04   126
17.22   117
18.86   170
20.50    89
21.32   115
22.14   145
22.96   159
22.96   137
24.60   142
24.60   202
24.60   388
22.96   337
22.14   259
20.50   169
18.86   145
20.50   178
20.50   122
21.32   136
21.32   200
22.14   180
22.14   163
22.14   162
21.32   243
20.50   331
18.86   263
17.22   209
16.40   118
16.40   102
16.40    29
17.22    22
17.22    31
18.86    32
18.86    58
21.32    63
21.32    78
20.50    33
20.50    15
20.50    38
21.32    71
18.04    53
18.04    14
16.40   102
17.22   211
18.86   304
18.86   354
20.50   343
21.32   361
22.14   388
22.14   343
22.96   306
22.96   277
22.96   210
21.32   141
20.50    83
20.50   169
21.32   109
22.14   123
22.96   184
22.96   169
23.78   144
24.60   176
24.60   205
23.78   428
26.24   362
22.96   286
24.60   165
22.96   151
21.32   162
20.50    75
22.14    72
22.14   103
22.14   129
22.14   107
22.14   127
22.96   192
22.96   411
22.14   421
20.50   276
20.50   168
20.50   122
18.86   141
19.68   264
18.86   250
19.68   281
20.50   332
20.50   238
20.50   266
20.50   214
19.68   196
18.86   159
18.86   178
18.86   121
18.86   105
20.50   172
22.14   108
23.78   130
25.42   187
25.42   170
26.24   181
27.06   155
27.06   269
27.06   537
26.24   518
25.42   314
25.42   218
24.60   232
24.60   186
26.24   127
27.06   140
27.88   217
28.70   194
28.70   158
28.70   154
29.52   271
28.70   517
28.70   544
27.88   365
27.06   290
26.24   225
13.94    40
13.94    31
16.40    72
18.04   124
18.86   143
20.50   107
19.68   129
20.50   195
16.40   410
17.22   396
17.22   296
16.40   191
16.40   150
18.86   184
20.50   128
21.32   148
21.32   196
22.14   192
22.14   154
22.96   147
23.78   269
22.96   533
22.96   520
22.14   361
20.50   258
20.50   180
18.86   188
22.14   127
22.14   165
22.96   246
23.78   253
24.60   213
24.60   260
24.60   344
23.78   553
22.14   470
22.14   292
21.32   190
19.68   152
22.14   218
22.96   298
22.96   347
24.60   373
24.60   436
24.60   378
24.60   378
24.60   342
23.78   354
23.78   289
22.96   267
22.96   219
22.14   182
22.96   160
23.78   244
23.78   340
24.60   382
24.60   390
24.60   366
24.60   358
24.60   385
23.78   351
23.78   268
22.96   239
21.32   174
21.32   127
22.14   178
22.96   119
24.60   125
24.60   195
25.42   174
25.42   162
25.42   199
26.24   304
25.42   598
25.42   524
23.78   384
22.14   239
21.32   156
21.32   205
22.96   127
22.96   125
24.60   217
25.42   202
25.42   176
26.24   180
27.06   327
26.24   611
26.24   550
24.60   434
22.14   291
22.14   203
21.32   203
22.14   154
22.96   141
24.60   226
25.42   193
25.42   177
26.24   179
27.06   289
26.24   259
25.42   274
22.96   401
22.14   273
22.14   234
20.50   212
22.14   147
23.78   179
23.78   207
25.42   218
25.42   191
26.24   217
26.24   288
26.24   594
25.42   527
24.60   364
24.60   276
22.96   223
20.50   233
21.32   130
21.32   146
21.32   223
21.32   226
21.32   190
21.32   198
21.32   300
21.32   491
21.32   398
21.32   270
21.32   152
21.32   154
21.32   100
21.32   167
21.32   279
21.32   279
21.32   248
22.14   216
22.14   294
22.14   295
22.96   272
22.96   304
22.14   248
22.14   157
22.14    59
23.78   134
23.78   226
24.60   322
25.42   367
25.42   456
26.24   437
27.06   459
26.24   440
22.96   392
22.96   237
22.96   231
22.14   191
22.14   151
24.60   194
25.42   112
26.24   185
27.06   209
27.88   214
27.88   193
29.52   165
24.60   226
23.78   274
23.78   453
23.78   308
23.78   198
23.78   177
22.14   207
22.14   104
22.96   130
22.96   153
22.96   172
25.42   184
25.42   210
25.42   290
25.42   604
24.60   480
24.60   349
23.78   283
22.14   174
22.96   202
22.14   106
22.14    23
22.96    54
22.96   122
23.78   138
24.60   167
24.60   294
24.60   565
24.60   489
22.96   331
22.96   213
21.32    85
22.14   216
22.14   130
22.14   164
23.78   168
23.78   183
22.14   180
22.96   188
23.78   302
22.96   547
24.60   513
23.78   410
22.14   282
22.14   209
30.34   207
31.16   115
33.62   112
35.26   169
36.90   154
36.90   145
36.90   152
35.26   266
35.26   486
33.62   309
30.34   264
30.34   256
30.34   190
29.52   225
29.52   139
30.34   165
31.16   232
32.80   203
31.98   185
32.80   188
32.80   318
31.16   572
30.34   525
29.52   379
28.70   337
27.06   248
23.78   230
25.42   161
26.24   192
27.06   259
27.88   248
28.70   240
28.70   212
29.52   349
29.52   558
28.70   564
27.88   391
26.24   293
26.24   247
25.42   224
26.24   317
27.06   369
28.70   420
30.34   456
30.34   451
30.34   404
29.52   440
29.52   344
30.34   341
28.70   285
28.70   239
27.06   185
24.60   164
25.42   251
26.24   335
26.24   335
27.06   367
28.70   385
28.70   417
29.52   398
30.34   390
28.70   363
27.88   357
27.06   279
26.24   165
28.70   188
29.52    95
30.34   111
31.16   153
31.98   180
31.98   145
32.80   165
31.16   267
31.98   579
31.16   556
29.52   407
27.88   336
27.06   189
29.52   217
31.16   123
31.16   151
32.80   183
32.80   196
32.80   146
33.62   183
32.80   308
32.80   539
31.98   551
31.16   424
30.34   346
29.52   218
31.16   202
33.62    90
34.44   134
36.08   149
36.90   136
37.72   155
37.72   128
37.72   233
37.72   506
36.90   459
33.62   384
32.80   280
32.80   202
34.44   168
35.26    94
36.90   118
37.72   140
36.90   136
37.72   118
38.54   104
37.72   200
36.90   409
36.08   466
34.44   326
32.80   254
31.16   171
31.16   213
31.98   111
33.62   153
34.44   207
34.44   189
35.26   165
34.44   212
33.62   285
33.62   517
32.80   463
31.98   306
31.16   250
31.16   218
30.34   230
30.34   264
31.16   325
32.80   347
32.80   387
33.62   380
33.62   374
32.80   394
30.34   337
29.52   286
28.70   264
27.88   275
27.06   220
29.52   182
31.16   311
31.98   367
33.62   420
31.98   373
33.62   315
32.80   360
27.88   350
27.88   252
28.70   256
28.70   223
27.06   206
27.06   140
25.42   224
26.24   118
27.06   159
27.06   196
28.70   227
28.70   200
28.70   185
28.70   326
28.70   601
28.70   586
27.06   423
26.24   331
26.24   218
25.42   193
25.42   130
26.24   143
26.24   169
26.24   209
26.24   159
26.24   178
27.88   330
26.24   569
25.42   538
26.24   386
24.60   297
24.60   243
24.60   207
26.24   135
27.88   164
28.70   211
30.34   189
30.34   178
31.16   164
31.16   312
30.34   638
29.52   607
28.70   416
27.06   330
26.24   257
25.42   261
27.06   121
27.88   150
29.52   206
29.52   151
29.52   153
28.70   159
27.06   294
26.24   272
26.24   325
25.42   327
25.42   201
25.42   188
28.70   224
28.70   170
27.88   181
28.70   243
30.34   204
31.16   215
31.98   243
31.16   355
31.16   552
31.16   450
26.24   328
26.24   232
26.24   208
28.70   218
29.52   244
29.52   404
30.34   420
31.16   327
32.80   334
33.62   367
31.16   468
31.16   449
30.34   381
30.34   326
29.52   188
29.52   183
27.88   169
28.70   244
29.52   377
30.34   396
30.34   363
30.34   317
30.34   362
31.16   378
30.34   397
30.34   296
29.52   311
28.70   232
27.88   167
14.76   275
16.40   360
16.40   451
17.22   445
18.04   464
19.68   561
20.50   573
21.32   511
21.32   555
21.32   432
21.32   346
20.50   232
20.50   134
15.58   317
16.40   204
17.22   209
18.04   281
18.86   281
18.86   268
19.68   324
20.50   395
20.50   729
20.50   618
20.50   494
18.86   329
18.86   238
17.22   408
18.04   219
19.68   258
21.32   331
22.96   345
22.96   311
24.60   316
25.42   485
25.42   757
24.60   800
22.96   558
22.96   379
22.14   243
19.68   363
22.14   167
24.60   213
24.60   283
24.60   251
25.42   258
26.24   268
26.24   390
27.06   744
27.06   759
27.06   494
26.24   372
24.60   298
16.40   351
17.22   246
17.22   268
18.04   276
18.86   291
18.86   287
20.50   269
20.50   402
20.50   822
20.50   698
19.68   487
18.04   312
17.22   234
13.94   376
14.76   238
16.40   291
17.22   337
18.04   411
19.68   490
20.50   537
20.50   536
21.32   655
20.50   484
19.68   412
18.86   252
18.04   190
16.40   276
17.22   363
18.04   495
18.86   590
20.50   643
20.50   578
21.32   626
22.14   615
22.14   567
22.14   517
22.14   413
20.50   208
20.50   234
18.04   179
20.50   299
20.50   404
22.14   457
23.78   483
24.60   503
25.42   486
26.24   476
25.42   411
25.42   310
24.60   276
22.96   211
21.32   130
18.86   286
20.50   178
21.32   223
22.14   280
22.14   281
22.96   218
23.78   255
22.96   391
22.14   632
22.14   646
21.32   421
20.50   276
19.68   165
17.22   319
18.86   181
20.50   239
22.14   259
21.32   283
22.14   224
22.96   203
23.78   362
22.96   744
22.14   704
21.32   479
18.86   282
18.04   206
13.12   302
13.94   153
15.58   180
14.76   182
16.40   163
14.76   135
15.58   202
18.04   307
17.22   579
16.40   585
16.40   384
14.76   235
13.94   165
14.76   287
16.40   141
17.22   224
18.86   259
19.68   203
20.50   224
19.68   211
19.68   353
20.50   656
20.50   610
18.86   433
18.04   280
17.22   187
17.22   330
18.04   192
18.86   233
20.50   322
21.32   358
21.32   348
22.14   352
22.96   463
22.96   738
22.14   671
22.14   427
20.50   286
20.50   189
17.22   265
18.86   406
21.32   564
23.78   678
25.42   678
26.24   660
26.24   658
26.24   582
25.42   560
25.42   481
24.60   459
22.96   321
22.96   220
22.14   251
23.78   421
25.42   528
26.24   635
27.06   681
28.70   628
28.70   617
29.52   616
28.70   623
28.70   479
28.70   379
26.24   291
25.42   229
25.42   297
25.42   224
26.24   251
27.88   271
30.34   263
31.16   288
32.80   275
32.80   358
32.80   712
32.80   676
31.16   522
30.34   375
27.88   271
24.60   400
24.60   217
24.60   239
24.60   244
25.42   239
26.24   257
27.06   308
27.88   370
26.24   781
26.24   775
24.60   537
24.60   402
22.96   297
19.68   265
19.68   147
18.86   119
18.86   110
18.86    64
18.04    51
17.22    98
17.22   235
17.22   488
17.22   505
17.22   368
17.22   260
17.22   189
18.86   301
19.68   189
21.32   229
22.14   264
22.96   238
23.78   237
24.60   262
25.42   387
24.60   748
24.60   776
23.78   586
22.96   404
21.32   267
22.14   349
25.42   174
27.06   229
28.70   269
29.52   249
30.34   204
30.34   234
30.34   354
30.34   681
28.70   743
28.70   487
27.06   335
26.24   282
22.96   315
23.78   175
23.78   184
23.78   245
23.78   228
25.42   240
26.24   256
26.24   367
24.60   729
22.96   813
22.14   504
21.32   338
21.32   239
19.68   304
21.32   168
22.14   201
22.96   301
24.60   265
26.24   204
27.06   283
27.88   370
29.52   704
29.52   706
28.70   522
26.24   420
25.42   299
24.60   294
25.42   199
28.70   258
25.42   171
26.24   278
27.06   242
29.52   343
31.16   440
28.70   643
28.70   641
28.70   452
27.88   313
26.24   235
25.42   284
27.06   432
28.70   575
29.52   550
30.34   524
28.70   428
27.06   541
27.88   540
27.88   502
27.06   434
25.42   405
24.60   309
23.78   269
21.32   191
22.14   333
22.96   414
24.60   558
24.60   565
24.60   518
25.42   571
25.42   544
25.42   511
25.42   463
24.60   383
24.60   276
22.96   203
20.50   350
21.32   190
22.14   213
22.96   263
24.60   272
25.42   239
25.42   262
24.60   388
24.60   769
24.60   680
23.78   546
22.14   323
22.14   247
22.96   295
23.78   157
24.60   217
25.42   263
26.24   219
25.42    71
25.42   134
26.24   389
26.24   717
26.24   710
26.24   458
26.24   302
26.24   223
24.60   325
25.42   153
25.42   201
25.42   280
26.24   266
26.24   243
26.24   259
27.06   357
26.24   705
21.32   372
20.50    98
20.50    51
20.50    34
20.50   361
20.50   154
21.32   256
21.32   272
22.14   318
22.96   247
22.14   271
23.78   421
24.60   732
22.96   770
22.14   553
21.32   374
20.50   230
19.68   322
21.32   210
22.96   291
22.96   348
24.60   363
25.42   334
25.42   439
25.42   525
26.24   779
26.24   596
26.24   503
25.42   341
24.60   270
22.14   335
22.96   411
25.42   522
26.24   559
26.24   659
27.06   615
27.88   590
28.70   591
27.06   576
27.06   546
26.24   439
25.42   287
24.60   230
24.60   222
24.60   350
25.42   428
26.24   531
27.88   602
28.70   552
29.52   499
29.52   564
28.70   478
27.88   389
27.06   339
27.06   230
26.24   169
22.14   110
22.14    59
22.96    79
22.96   185
25.42   176
25.42   171
25.42   196
25.42   111
22.96   229
23.78   300
23.78   304
23.78   189
23.78   152
23.78   355
25.42   171
26.24   224
26.24   264
26.24   239
26.24   184
28.70   256
27.88   374
27.88   678
28.70   733
27.06   512
26.24   263
26.24   109
24.60   347
27.06   192
28.70   267
28.70   330
29.52   350
29.52   263
29.52   274
29.52   446
29.52   873
29.52   846
28.70   590
27.06   459
26.24   393
22.14   346
22.96   205
23.78   279
24.60   348
25.42   327
26.24   270
26.24   316
27.06   430
27.06   852
27.06   868
26.24   537
24.60   446
23.78   299
22.96   361
24.60   255
25.42   334
25.42   360
26.24   395
27.06   350
27.06   391
27.06   568
27.06   812
26.24   669
25.42   483
25.42   337
24.60   258
22.96   292
22.96   452
25.42   586
27.06   642
28.70   704
29.52   730
29.52   672
30.34   642
30.34   626
30.34   645
28.70   432
27.88   315
26.24   259
26.24   298
27.06   204
28.70   235
28.70   310
29.52   316
29.52   254
29.52   258
30.34   222
28.70   227
25.42   110
25.42    45
25.42    39
26.24    85
22.96   332
24.60   493
23.78   536
25.42   668
25.42   679
26.24   647
26.24   702
26.24   644
26.24   586
26.24   512
26.24   554
25.42   399
24.60   316
24.60   300
25.42   404
26.24   511
27.06   684
27.88   686
27.88   678
28.70   644
28.70   662
28.70   578
28.70   496
27.88   453
27.06   314
25.42   246
25.42   282
26.24   187
26.24   239
26.24   282
26.24   274
25.42   270
27.06   292
27.06   448
26.24   834
26.24   822
25.42   645
24.60   461
23.78   265
21.32   335
21.32   176
22.96   227
22.14   247
24.60   267
23.78   276
23.78   272
24.60   473
24.60   850
24.60   790
23.78   513
22.96   415
22.14   283
22.96   303
24.60   203
25.42   226
25.42   315
25.42   303
26.24   302
26.24   300
26.24   452
25.42   724
24.60   782
22.96   538
22.14   408
22.14   298
23.78   337
24.60   210
27.06   237
28.70   336
28.70   315
29.52   265
30.34   333
29.52   466
29.52   869
28.70   813
28.70   602
27.06   478
25.42   313
25.42   382
27.06   249
28.70   264
29.52   369
30.34   416
31.16   373
31.16   397
31.16   523
31.16   793
31.16   723
30.34   555
29.52   408
28.70   339
26.24   340
28.70   466
31.16   569
32.80   531
33.62   585
33.62   593
34.44   555
33.62   534
34.44   495
33.62   451
32.80   360
31.16   363
30.34   316
28.70   266
31.16   413
31.16   499
33.62   502
34.44   492
34.44   500
34.44   475
34.44   508
33.62   521
33.62   490
33.62   375
31.16   363
29.52   253
28.70   316
29.52   147
31.16   202
32.80   261
32.80   248
33.62   259
32.80   259
32.80   427
32.80   800
32.80   831
31.16   596
30.34   394
29.52   250
26.24   285
26.24   125
27.06    65
27.06    95
27.06    59
26.24    60
27.06   116
27.06   239
27.06   681
27.88   653
27.88   491
27.88   386
27.88   274
26.24   352
26.24   198
27.06   246
27.88   334
28.70   255
29.52   320
29.52   281
29.52   392
29.52   857
29.52   744
28.70   671
27.88   448
26.24   396
25.42   357
26.24   179
27.06   228
27.06   265
27.88   284
28.70   298
30.34   324
29.52   438
29.52   867
30.34   823
28.70   579
27.06   435
26.24   337
25.42   366
26.24   216
27.06   286
28.70   403
28.70   393
29.52   376
29.52   377
29.52   558
30.34   823
29.52   693
28.70   467
27.88   385
27.06   333
24.60   367
26.24   435
27.06   566
27.88   603
29.52   617
29.52   573
30.34   583
29.52   542
29.52   593
29.52   571
28.70   461
27.06   352
26.24   290
22.96   274
23.78   436
25.42   546
25.42   615
26.24   614
26.24   582
27.06   463
27.06   580
26.24   593
26.24   513
26.24   390
25.42   302
25.42   246
22.14   250
22.14    91
22.14   121
22.96   168
23.78   225
23.78   219
24.60   237
24.60   332
24.60   723
25.42   642
25.42   463
25.42   362
25.42   273
26.24   328
26.24   180
27.06   230
28.70   292
30.34   272
31.16   227
31.98   259
32.80   334
32.80   811
32.80   795
32.80   514
32.80   458
31.16   276
